              2              4              8             16             32             64            128            256            512
 10       0.000427       0.000511       0.050261       0.033865       0.078161       0.010386       0.029573       0.050320       0.202130
 11       0.000857       0.047868       0.051569       0.024375       0.051545       0.009969       0.019408       0.120203       0.121584
 12       0.001571       0.000852       0.000606       0.014780       0.019538       0.004307       0.015493       0.005812       0.026703
 13       0.003090       0.037281       0.045741       0.011985       0.023837       0.003623       0.022904       0.007647       0.013834
 14       0.006019       0.030906       0.004541       0.013421       0.053143       0.011105       0.023265       0.012357       0.008762
 15       0.011952       0.006518       0.041191       0.064915       0.050406       0.019178       0.037029       0.012147       0.006176
 16       0.036781       0.023581       0.048817       0.085617       0.038599       0.012934       0.026219       0.022678       0.249047
 17       0.085858       0.025438       0.047045       0.048674       0.167864       0.022506       0.014866       0.029661       0.108635
 18       0.185183       0.059840       0.026278       0.245030       0.394638       0.071983       0.156884       0.153909       0.931209
 19       0.354632       0.116137       0.052172       0.803010       2.141934       0.123852       0.208869       0.280512       0.603753
 20       0.743617       0.161060       0.126711       0.096481       3.948856       0.245889       0.494250       0.349324       0.815542